image_width: 640
image_height: 480
camera_name: 00b09d01006b6fd7_left
camera_matrix:
  rows: 3
  cols: 3
  data: [517.993914, 0.000000, 320.699970, 0.000000, 516.906884, 244.521185, 0.000000, 0.000000, 1.000000]
distortion_model: plumb_bob
distortion_coefficients:
  rows: 1
  cols: 5
  data: [-0.355123, 0.1149644, 0.000870, 0.000456, 0.000000]
rectification_matrix:
  rows: 3
  cols: 3
  data: [0.999921, -0.000265, -0.012570, 0.000227, 0.999997, -0.002336, 0.012570, 0.002333, 0.999918]
projection_matrix:
  rows: 3
  cols: 4
  data: [482.348203, 0.000000, 332.396111, 0.000000, 0.000000, 482.348203, 249.208183, 0.000000, 0.000000, 0.000000, 1.000000, 0.000000]
