image_width: 640
image_height: 480
camera_name: 00b09d01006b6fd7_right
camera_matrix:
  rows: 3
  cols: 3
  data: [521.641196, 0.000000, 325.457176, 0.000000, 520.826822, 247.247026, 0.000000, 0.000000, 1.000000]
distortion_model: plumb_bob
distortion_coefficients:
  rows: 1
  cols: 5
  data: [-0.351966, 0.145823, 0.001223, -0.000951, 0.000000]
rectification_matrix:
  rows: 3
  cols: 3
  data: [0.999970, -0.000547, -0.007715, 0.000565, 0.999997, 0.002336, 0.007714, -0.002341, 0.999968]
projection_matrix:
  rows: 3
  cols: 4
  data: [482.348203, 0.000000, 332.396111, -56.551774, 0.000000, 482.348203, 249.208183, 0.000000, 0.000000, 0.000000, 1.000000, 0.000000]
